Genotype	P1	P2	P3	P4	P5	P6	P7	P8
3156-11_AGL	0	0	0	0	0	0	0.169824	0.830176
CDC_Asterix_AGL	0	0	0	0	0	0	0.048938	0.951062
CDC_Cherie_AGL	0	0	0	0	0.090267	0	0.111004	0.798729
CDC_Glamis_AGL	0	0	0	0	0.003119	0	0.182356	0.814525
CDC_Gold_AGL	0.088823	0	0	0	0	0.01545	0.116633	0.779093
CDC_Greenstar_AGL	0	0	0	0	0	0	0.258426	0.741574
CDC_Imax_AGL	0	0	0	0	0.11812	0	0.202169	0.679711
CDC_Impower_AGL	0	0	0	0	0	0	0.220574	0.779426
CDC_KR-1_AGL	0	0	0	0	0.030931	0	0.284686	0.684383
CDC_LeMay_AGL	0	0	0	0	0	0	0	1
CDC_Maxim_AGL	0	0	0	0	0.079975	0	0.144462	0.775562
CDC_QG-1_AGL	0	0	0	0	0	0	0.093211	0.906789
CDC_Redcoat_AGL	0	0	0	0	0.160574	0	0.124108	0.715317
CDC_Red_Rider_AGL	0	0	0	0	0.093886	0	0.184124	0.72199
CDC_Redwing_AGL	0	0	0	0	0.470539	0	0.11752	0.41194
CDC_Robin_AGL	0	0	0	0	0	0	0	1
CDC_Rosebud_AGL	0	0	0	0	0	0	0	1
CDC_Rosetown_AGL	0	0	0	0	0	0	0	1
CDC_Rosie_AGL	0	0	0	0	0	0	0	1
CDC_Rouleau_AGL	0	0	0	0	0	0	0.27756	0.72244
CDC_Royale_AGL	0	0	0	0	0	0	0	1
CDC_Ruby_AGL	0.013717	0	0	0	0.049068	0.092106	0	0.845108
CDC_SB-1_AGL	0.058069	0.070756	0	0	0.000555	0	0.120164	0.750456
CDC_Sedley_AGL	0	0	0	0	0.048496	0	0.400468	0.551036
CDC_Vantage_AGL	0	0	0	0	0.030459	0	0.174948	0.794593
CN_105604_AGL	0	0	0	1	0	0	0	0
CN_105605_AGL	0	0	0.02535	0	0.232877	0.558934	0.014729	0.16811
CN_105715_AGL	0	0	0	0	0.410176	0	0.589824	0
CN_105732_AGL	0	0	0	0	0	0.152817	0.135996	0.711187
CN_105767_AGL	0	0.102902	0	0	0	0	0	0.897098
CN_105777_AGL	0.022534	0	0	0.060964	0.734764	0	0.181738	0
CN_105789_AGL	0	0	0	0	1	0	0	0
CN_105791_AGL	0.008904	0	0	0.066658	0.748169	0	0.176269	0
CN_105862_AGL	0	0	0	0	0.112833	0	0.887167	0
CN_105863_AGL	0	0	0.574372	0	0	0	0.425628	0
CN_105864_AGL	0	0.031474	0	0	0	0	0.470409	0.498116
CN_105865_AGL	0	0	0	0	0	0	1	0
CN_105895_AGL	0	0	0	0	1	0	0	0
CN_106265_AGL	0.03067	0	0	0	0.057155	0.029849	0.063454	0.818872
CN_108369_AGL	0	0	0	0	0	0	0.286622	0.713378
CN_108370_AGL	0	0	0	0	0	0	0	1
Crimson_AGL	0	0	0	0	0	0.047977	0.283633	0.66839
DPL_62_AGL	0.07207	0	0.156443	0.748369	0	0	0.023118	0
Eston_AGL	0	0	0	0	0	0	0	1
Gudo_AGL	0	0.060112	0	0	0.291594	0	0.648293	0
IG_1046_AGL	0.938393	0	0	0	0	0.061607	0	0
IG_1706_AGL	0.548641	0	0	0	0	0.451359	0	0
IG_1959_AGL	0	0	1	0	0	0	0	0
IG_4258_AGL	0.539814	0	0	0	0	0.460186	0	0
IG_4781_AGL	0	0	1	0	0	0	0	0
IG_858_AGL	0	0	0	0.981814	0	0	0.018185	0
ILL_10657_AGL	0	0	0	0	0.088415	0	0.911585	0
ILL_10748_AGL	0.031508	0.050525	0	0	0	0	0	0.917967
ILL_11547_AGL	0	0	0	0.0208	0.49833	0	0	0.480869
ILL_11548_AGL	0	0.044685	0	0	0	0	0.369975	0.58534
ILL_11553_AGL	0	0	0	0	0	0	0	1
ILL_11555_AGL	0	0	0	0.598333	0.11544	0	0.286227	0
ILL_11557_AGL	0.083551	0	0.055978	0.820031	0	0	0.039194	0.001246
ILL_11558_AGL	0	0	0.099594	0.900406	0	0	0	0
ILL_1220_AGL	0.803006	0	0	0	0	0.146196	0.050798	0
ILL_1553_AGL	0.998973	0	0	0	0	0.001027	0	0
ILL_1762_AGL	0	0	0.063049	0.088492	0	0.848459	0	0
ILL_1983_AGL	0	0	0	1	0	0	0	0
ILL_213_AGL	0	0	0.106178	0.070215	0	0.823607	0	0
ILL_2194_AGL	0	0.028724	0	0	0.592333	0	0.378943	0
ILL_2507_AGL	0	0	0	1	0	0	0	0
ILL_2580_AGL	0	0	0	0.430384	0.569616	0	0	0
ILL_28_AGL	0	0.184508	0	0	0	0	0.815492	0
ILL_3025_AGL	0	0	0	1	0	0	0	0
ILL_313_AGL	0	0	0	0	0	0	0.371755	0.628245
ILL_3347_AGL	0	0	0	1	0	0	0	0
ILL_358_AGL	0	0	0	0	0.583704	0	0.176831	0.239464
ILL_3597_AGL	0	0	0	1	0	0	0	0
ILL_4164_AGL	0	1	0	0	0	0	0	0
ILL_4400_AGL	0	0	0	0	0	0	0.746073	0.253927
ILL_4605_AGL	0	0	0	0	0	0	0.735107	0.264893
ILL_4609_AGL	0	0	0	1	0	0	0	0
ILL_4665_AGL	0	0	0	0	0	0	0.577038	0.422962
ILL_4671_AGL	0	0	0	0	0	0	1	0
ILL_4768_AGL	0	0	0	0	1	0	0	0
ILL_4782_AGL	0.894389	0.059094	0	0	0	0	0	0.046517
ILL_4783_AGL	0	0	0	0	0	0	0.359669	0.640331
ILL_4804_AGL	0	0.124735	0	0	0.041709	0	0.167728	0.665827
ILL_4875_AGL	0	0	0.000056	0.055916	0	0.944028	0	0
ILL_4956_AGL	0	0	0	0	0	0	0	1
ILL_5058_AGL	0	0	0	0	0	0	0.728795	0.271205
ILL_5151_AGL	0	0	0	0	0.980581	0	0.019419	0
ILL_5209_AGL	0	0	0	0	0.908452	0	0.091547	0
ILL_5480_AGL	0	0	0	0	0	0	0.329131	0.670869
ILL_5639_AGL	0	0	0	0	0	0	0.383739	0.616261
ILL_5722_AGL	0.09873	0.077161	0	0	0.150746	0	0.480122	0.19324
ILL_5883_AGL	0	0	0	0	0.945235	0	0.054765	0
ILL_5888_AGL	0	0	0	0.378498	0	0	0.412876	0.208625
ILL_5945_AGL	0	0	0	0	1	0	0	0
ILL_6002_AGL	0	0	0	0	0	0	0.311063	0.688937
ILL_618_AGL	0	0	0	0	0	1	0	0
ILL_6182_AGL	0	0.117143	0	0	0.018724	0	0.188456	0.675677
ILL_6211_AGL	0	0	0	0	0	0	0.446999	0.553001
ILL_624_AGL	0	0	0	0	0	0	0	1
ILL_6821_AGL	0	0	0	0	1	0	0	0
ILL_6853_AGL	0	0.111213	0	0	0.050756	0	0.838031	0
ILL_7089_AGL	1	0	0	0	0	0	0	0
ILL_7558_AGL	0	0.007392	0	0	0	0	0.763819	0.228789
ILL_7663_AGL	0.100094	0	0.120455	0.548544	0	0	0.124678	0.10623
ILL_7668_AGL	0	0	0	0.738571	0.074502	0.009523	0.177403	0
ILL_7716_AGL	0	0	0	0	0	0	0.744349	0.255651
ILL_7747_AGL	0	0.688029	0.029419	0.04134	0.042828	0	0.198385	0
ILL_7946_AGL	0	0	0	0	0.977806	0	0.022194	0
ILL_7978_AGL	0	0.007009	0	0	0.593542	0	0.399449	0
ILL_7979_AGL	0	0	0	0.707303	0.060585	0	0.232112	0
ILL_8007_AGL	0	0.309837	0	0.690163	0	0	0	0
ILL_8009_AGL	0	0	0	1	0	0	0	0
ILL_8010_AGL	0	0	0	0.689569	0.111891	0	0.19854	0
ILL_8072_AGL	0	0.030128	0	0	0	0	0.848157	0.121714
ILL_8174_AGL	0	0	0	0	0	0	0.365629	0.634371
ILL_8595_AGL	0	0	0	0	0	0	0.347897	0.652103
ILL_9_AGL	0	0.036653	0	0.049217	0.227843	0	0.686287	0
ILL_975_AGL	0	0	0	0	0.923387	0	0.076613	0
ILL_9888_AGL	0	0	0	0	0.669927	0	0.267818	0.062254
ILL_9932_AGL	0	0.392022	0	0.607978	0	0	0	0
ILL_9945_AGL	0.065214	0	0	0.643437	0.083715	0	0.207634	0
ILL_9977_AGL	0	0.331423	0	0.668577	0	0	0	0
ILL_9997_AGL	0.055684	0	0.120779	0.823537	0	0	0	0
ILWL_118_AGL	0	0	0	0.898442	0	0	0.101557	0
Indianhead_AGL	0	0	0	0	0	0	0	1
IPL_220_AGL	0.011727	0	0.068565	0.919708	0	0	0	0
Laird_AGL	0	0	0	0	0	0	0.178175	0.821825
LIRL-22-46_AGL	0	0	0	0.222119	0	0	0.569821	0.20806
PI_163589_AGL	0	0	0	0	0	0	1	0
PI_169534_LSP_AGL	0	0	0	0	0	0	0	1
PI_175754_LSP_AGL	0.365169	0.103801	0	0	0	0	0.117983	0.413048
PI_177430_LSP_AGL	0.161351	0.421836	0.096788	0.192258	0	0.127768	0	0
PI_178939_LSP_AGL	0	0	0	0	0	0	0	1
PI_178952_AGL	1	0	0	0	0	0	0	0
PI_178971_LSP_AGL	0	0	0	0	0	1	0	0
PI_179324_LSP_AGL	0	1	0	0	0	0	0	0
PI_179330_AGL	1	0	0	0	0	0	0	0
PI_181771_LSP_AGL	0	0	0	0	0	1	0	0
PI_181886_LSP_AGL	0	0.116541	0	0	0	0	0.883458	0
PI_182217_LSP_AGL	0.807818	0	0	0	0	0.192182	0	0
PI_193546_AGL	0	1	0	0	0	0	0	0
PI_193547_LSP_AGL	0	0	0	0	0	1	0	0
PI_193548_LSP_AGL	0	0	0	0	1	0	0	0
PI_193550_AGL	0	0	0	0	1	0	0	0
PI_207492_LSP_AGL	0	0	0	0	0	1	0	0
PI_518731_LSP_AGL	0	0.045778	0	0	0	0	0	0.954222
PI_209858_LSP_AGL	0	0	0	0	1	0	0	0
PI_211052_LSP_AGL	0	0	0	0	0	1	0	0
PI_212100_LSP_AGL	0	0	0	0	0	1	0	0
PI_212610_LSP_AGL	0	0	0	0	0	1	0	0
PI_217949_LSP_AGL	0	0	0	1	0	0	0	0
PI_238758_LSP_AGL	0	0	0	0	0	0	0.293954	0.706046
PI_244046_AGL	0	0	0	0	1	0	0	0
PI_250156_LSP_AGL	0	0	0	1	0	0	0	0
PI_250158_LSP_AGL	0	0	0	1	0	0	0	0
PI_251248_LSP_AGL	0	0	0	0	1	0	0	0
PI_273664_LSP_AGL	0	0	0	1	0	0	0	0
PI_280686_AGL	0.010298	0	0	0.062843	0.746979	0	0.179881	0
PI_283604_LSP_AGL	0	0	0	0	0	0	1	0
PI_289066_AGL	0	0	0	0	0.957217	0	0.042783	0
PI_289073_LSP_AGL	0	0	0	0	0	0	0	1
PI_289079_LSP_AGL	0	0	0	0	0	0	0	1
PI_290716_LSP_AGL	0	0	0	0	0	1	0	0
PI_297285_LSP_AGL	0	0	0	0	0	0	0.382212	0.617788
PI_297287_AGL	0	0	0	0	0	0	0.647182	0.352818
PI_297754_LSP_AGL	0	0	0	0	0	0	0	1
PI_297767_AGL	0	0	0	0	0.048852	0	0.951148	0
PI_297772_LSP_AGL	0	1	0	0	0	0	0	0
PI_297783_AGL	0	0	0	0	1	0	0	0
PI_297787_LSP_AGL	0	0	0	0	0	1	0	0
PI_298023_LSP_AGL	0.895947	0	0	0	0	0	0.104053	0
PI_298121_LSP_AGL	0	0.029901	0	0	0	0	0.221651	0.748449
PI_298122_LSP_AGL	0	0	0	0	0	0	0	1
PI_298357_LSP_AGL	0.802846	0.001066	0	0	0	0	0	0.196088
PI_298631_LSP_AGL	0	0	0	0	0	0	1	0
PI_298644_LSP_AGL	0	0	0	0	0	0	0.857244	0.142756
PI_298645_AGL	0	0	0	0	0	0	0.578172	0.421827
PI_298921_AGL	0	0	0	0	0	0	0.675222	0.324778
PI_298922_LSP_AGL	0	0.055789	0	0	0	0	0.178876	0.765335
PI_298923_LSP_AGL	0.842837	0	0	0	0	0	0.157163	0
PI_299116_LSP_AGL	0	0	0	0	0	0	0.157089	0.842911
PI_299120_LSP_AGL	0	0	0	0	0	0	0.403501	0.596499
PI_299121_LSP_AGL	0	0	0	0	0	0	0.385979	0.614021
PI_299126_LSP_AGL	0	0	0	0	0	0	0.28669	0.71331
PI_299163_LSP_AGL	0	0	0	0	0	0	0.91632	0.08368
PI_299164_LSP_AGL	0	0	0	0	0	0	0.664743	0.335257
PI_299165_AGL	0	0	0	0	0	0	0.833003	0.166997
PI_299177_LSP_AGL	0	0	0	0	0	0	0.660101	0.339899
PI_299237_LSP_AGL	0	0	0.591616	0	0	0	0.366697	0.041687
PI_299289_AGL	0.573407	0	0	0	0	0	0.063895	0.362697
PI_299312_AGL	0	0	0	0	0	0	1	0
PI_299345_AGL	0	0	0	0	0	0	1	0
PI_299351_LSP_AGL	0	0	1	0	0	0	0	0
PI_299366_LSP_AGL	0	0	0	0	0	0	0.846073	0.153927
PI_299375_LSP_AGL	0	0	0	0	0	0	0.822279	0.177721
PI_300250_LSP_AGL	0	1	0	0	0	0	0	0
PI_302398_LSP_AGL	0	0.070202	0	0	0.131611	0	0.798187	0
PI_308614_LSP_AGL	0	1	0	0	0	0	0	0
PI_311107_LSP_AGL	0	0	0	0	0	0	1	0
PI_312175_LSP_AGL	0	0	0	0	0	0	0.039409	0.96059
PI_320935_LSP_AGL	0.920491	0	0	0	0	0.079508	0	0
PI_320936_LSP_AGL	0	0	0	0	0	0	0	1
PI_320937_LSP_AGL	0	0	0	0	0	0	0	1
CN_105866_AGL	0	0	0	0	0.147767	0	0.852233	0
PI_320941_LSP_AGL	0	0	0	0	0	1	0	0
PI_320945_LSP_AGL	0	0.046887	0	0	0	0	0.260065	0.693049
PI_320946_LSP_AGL	0	0.013441	0	0	0.596187	0	0.390372	0
PI_320952_LSP_AGL	0	0	0	0	0	0	0	1
PI_320953_LSP_AGL	0.040846	0.015152	0	0	0	0	0	0.944001
PI_320954_LSP_AGL	0	0	0	0	0	0	0	1
PI_329157_LSP_AGL	1	0	0	0	0	0	0	0
PI_329167_LSP_AGL	0.46592	0	0	0	0	0	0.53408	0
PI_339266_LSP_AGL	0.726656	0	0	0	0	0	0.273344	0
PI_339283_LSP_AGL	0.166198	0.431446	0.064118	0.18807	0	0.150168	0	0
PI_339285_AGL	0.15217	0.517449	0.081473	0.186643	0	0.062265	0	0
PI_339289_LSP_AGL	0.834542	0	0	0	0	0	0.165458	0
PI_339292_LSP_AGL	0.859076	0	0	0	0	0	0	0.140924
PI_339296_AGL	1	0	0	0	0	0	0	0
PI_343026_LSP_AGL	0	0	0	0	0	1	0	0
PI_345627_LSP_AGL	0	0	0	0	0	0	0.149052	0.850948
PI_358602_LSP_AGL	0	0	0	0	0	0	0	1
PI_368647_LSP_AGL	0	0	0	0	0	0	0	1
PI_368651_LSP_AGL	0	0	0	0	0	0	0	1
PI_370481_LSP_AGL	0	0	0	0	0	0	0.885351	0.114649
PI_374116_LSP_AGL	0	0	0	0	0	0	0	1
PI_374117_LSP_AGL	0	0.011095	0	0	0.000002	0	0.093582	0.895321
PI_374118_AGL	0	0	0	0	1	0	0	0
PI_374120_LSP_AGL	0	0	0	0	0	0	0.592833	0.407167
PI_374121_AGL	0	0	0	0	0	0	0.761865	0.238135
PI_379368_LSP_AGL	0	0	0	0	0	0	0.765242	0.234758
PI_383682_LSP_AGL	1	0	0	0	0	0	0	0
PI_420818_AGL	0	0	0	0	0.235746	0	0.764254	0
PI_420924_LSP_AGL	0	0.081074	0	0	0.027033	0	0.891893	0
PI_420925_LSP_AGL	0	0	0	0	0.976017	0	0.023982	0
PI_420929_LSP_AGL	0	0	0	0	1	0	0	0
PI_426202_LSP_AGL	0	0	0	0	0	1	0	0
PI_426778_LSP_AGL	0.552349	0	0	0.422437	0	0.025213	0	0
PI_426784_LSP_AGL	0	0	0	1	0	0	0	0
PI_426797_LSP_AGL	0	0	0	1	0	0	0	0
PI_426807_LSP_AGL	0	0	0	1	0	0	0	0
PI_431618_LSP_AGL	0.81161	0	0	0	0	0	0.18839	0
PI_431622_LSP_AGL	0	0	1	0	0	0	0	0
PI_431630_LSP_AGL	0	0	0	0	0	1	0	0
PI_431633_LSP_AGL	0.444567	0	0	0	0	0	0.555433	0
PI_431636_LSP_AGL	0.631667	0	0	0	0	0	0.368332	0
PI_431643_LSP_AGL	1	0	0	0	0	0	0	0
PI_431662_LSP_AGL	0	0	1	0	0	0	0	0
PI_431663_LSP_AGL	0	0	1	0	0	0	0	0
PI_431679_LSP_AGL	0	0	1	0	0	0	0	0
PI_431684_LSP_AGL	0	0	0	0	0	1	0	0
PI_431705_LSP_AGL	0	0	1	0	0	0	0	0
PI_431710_LSP_AGL	0	0	1	0	0	0	0	0
PI_431714_LSP_AGL	0	0	1	0	0	0	0	0
PI_431717_LSP_AGL	0	0	1	0	0	0	0	0
PI_431728_LSP_AGL	0	0	1	0	0	0	0	0
PI_431731_LSP_AGL	0	0	1	0	0	0	0	0
PI_431739_LSP_AGL	0.118866	0	0.881134	0	0	0	0	0
PI_431753_LSP_AGL	0	0	1	0	0	0	0	0
PI_431756_LSP_AGL	0	0	1	0	0	0	0	0
PI_431809_LSP_AGL	0.576299	0	0	0	0	0.423701	0	0
PI_431824_LSP_AGL	1	0	0	0	0	0	0	0
PI_431863_LSP_AGL	0	0	0.634817	0	0	0	0.365183	0
PI_431873_LSP_AGL	0.196331	0	0.000313	0	0	0.803355	0	0
PI_431884_LSP_AGL	1	0	0	0	0	0	0	0
PI_431888_LSP_AGL	0.149049	0	0	0	0	0.85095	0	0
PI_431893_LSP_AGL	0.0053	0	0.018729	0	0	0.475777	0	0.500195
PI_431923_LSP_AGL	0	0	0	0	0	1	0	0
PI_431980_LSP_AGL	0.882402	0	0	0	0	0	0.117598	0
PI_432000_LSP_AGL	0	0	0.002437	0	0	0.997563	0	0
PI_432001_LSP_AGL	0.596685	0	0	0	0	0.350803	0.052512	0
PI_432002_LSP_AGL	0	0	0.640235	0	0	0.359765	0	0
PI_432005_LSP_AGL	0.594049	0	0.399776	0	0	0	0.006175	0
PI_432028_LSP_AGL	0	0	1	0	0	0	0	0
PI_432033_LSP_AGL	0	0	1	0	0	0	0	0
PI_432085_LSP_AGL	0.999985	0	0	0	0	0	0.000015	0
PI_432106_LSP_AGL	0.275011	0	0	0	0	0	0.724989	0
PI_432124_LSP_AGL	0	0	1	0	0	0	0	0
PI_432145_LSP_AGL	0	0	1	0	0	0	0	0
PI_432147_LSP_AGL	0	0	1	0	0	0	0	0
PI_432184_LSP_AGL	0.901911	0	0.037412	0	0	0.060677	0	0
PI_432188_LSP_AGL	1	0	0	0	0	0	0	0
PI_432190_LSP_AGL	0	0	0	0	0	0	0.172547	0.827453
PI_432201_LSP_AGL	0	0	0	0	0	0	0	1
PI_432212_LSP_AGL	0	0	1	0	0	0	0	0
PI_432236_LSP_AGL	0	0	1	0	0	0	0	0
PI_432245_LSP_AGL	0.933097	0	0	0	0	0	0.066903	0
PI_432271_LSP_AGL	0	0	0	0	0	0	0	1
PI_432286_LSP_AGL	0	1	0	0	0	0	0	0
PI_451763_LSP_AGL	0	0	0	0	0	0	0.221947	0.778053
PI_458503_LSP_AGL	0	0	0	0	0	0	0.317848	0.682152
PI_468900_LSP_AGL	0	0	0	0	0	0	0.295265	0.704735
PI_468901_AGL	0	0	0	0	0	0	0.165863	0.834137
PI_468902_LSP_AGL	0	0	0	0	0	0	0.121432	0.878567
PI_472136_LSP_AGL	0	0	0	1	0	0	0	0
PI_472205_LSP_AGL	0	0	0	1	0	0	0	0
PI_472213_LSP_AGL	0.527636	0	0	0.472363	0	0	0	0
PI_472327_LSP_AGL	0	0	0	1	0	0	0	0
PI_472380_LSP_AGL	0	0	0	1	0	0	0	0
PI_472416_LSP_AGL	0	0	0	1	0	0	0	0
PI_472488_LSP_AGL	0	0	0	1	0	0	0	0
PI_472559_LSP_AGL	0	0	0	1	0	0	0	0
PI_472561_LSP_AGL	0	0	0	1	0	0	0	0
PI_472569_LSP_AGL	0	0	0	1	0	0	0	0
PI_472588_LSP_AGL	0	0.330389	0.669611	0	0	0	0	0
PI_472590_LSP_AGL	0.45831	0	0.54169	0	0	0	0	0
PI_472615_LSP_AGL	0	0.091812	0.000709	0.015358	0.194943	0	0.697178	0
PI_472629_LSP_AGL	0.91852	0	0	0	0	0.08148	0	0
PI_477921_LSP_AGL	0	0	0	0	0	0	0.387726	0.612273
PI_490288_LSP_AGL	0	0	0	0	0	0	0	1
PI_490289_LSP_AGL	0	0	0	0	0	0	0.20681	0.79319
PI_508090_AGL	0	0	0	0	0	0	0.362935	0.637064
PI_518733_LSP_AGL	0	0	0	0	0	0	0.175239	0.82476
PI_518734_LSP_AGL	0	0	0	0	0	0	0.139283	0.860717
PI_533688_LSP_AGL	0	0	0	0	0	0	0.780678	0.219322
PI_533693_LSP_AGL	0	0	0	0	0	0	0	1
PI_612875_AGL	0	0.571288	0	0.428712	0	0	0	0
PI_643451_AGL	0	0.420444	0	0.579555	0	0	0	0
PI_643452_AGL	0	0.420363	0	0.579637	0	0	0	0
Shasta_AGL	0.016325	0	0.002668	0	0	0.049163	0.323487	0.608357
W6_27754_LSP_AGL	0.030376	0	0	0	0.022194	0	0	0.947429
W6_27760_LSP_AGL	0	0	0	0	0	0	0.256745	0.743255
W6_27763_LSP_AGL	0	0	0	0	1	0	0	0
W6_27766_LSP_AGL	0	0.621093	0	0	0	0	0.127817	0.25109
W6_27767_LSP_AGL	0	1	0	0	0	0	0	0
